32445440
32423584
32446287
32821939
32459919
32247927
32275812
32428865
32547625
33055231
32732352
32448345
32468196
32281114
32277367
32407959
32277040
32563812
33038433
32336586
32773440
32282022
32696862
33015819
32394467
32224769
32425246
32352535
32320516
32458279
32329520
32496239
33139290
32768971
32726230
32821086
32827627
32418715
32561148
32360480
32119961
32634603
32497913
32589775
32243270
32569708
32636851
32624257
32410772
32732190
32690096
32164424
32768505
32419524
32307245
32370766
32641681
32397911
32728817
32458149
32378648
32648899
33295289
32275256
32503874
32343658
32361744
32593339
33210457
32829390
32282502
32214286
32503814
32756480
32727662
32887691
32337113
32591667
32532619
33161277
32329879
32319424
32506110
32330343
32861338
32682787
32259313
32889701
32607555
32278811
32357553
32458969
33361753
32813283
33359141
33041712
32217113
32096567
32293834
32574236
33068263
32179150
32655019
32682788
33158234
32611911
32436445
32711596
33020069
32384516
32326602
32778950
32803479
32309622
32717568
32823901
33336780
32896184
33094148
32454157
32538209
32412158
33136164
32687756
32643603
32868327
32439198
32282982
32947136
32294562
32336723
32350686
32513308
32363880
32324352
32619764
32618794
32234468
32446285
32521074
32568282
32925078
32863273
32555974
32574299
32773212
32827400
32870481
32222463
32296817
33064422
32147628
32422376
32496357
33301514
32358203
32358890
32750190
32887670
33113146
32394344
32470470
32247050
32687917
32412509
32702095
32958495
32953365
32684351
32942923
32941437
32284326
32699031
32516797
32629804
32081636
32554907
32253226
32725890
32589146
32777318
33191206
32339662
33110240
32473310
32164081
32554953
33006138
32668803
32391999
32707573
33317101
32526208
32239125
33153403
32495921
32389723
32969369
32965013
32753375
32705976
32438371
32251767
32219882
32986137
32731280
32315122
32054787
32297571
32842818
33390567
32503817
32297723
32873175
32173241
32573468
33002954
32644275
32723801
33318491
32631826
33236131
32317557
32480420
32416679
32643436
32407719
32711111
32434337
32870563
32580257
33378357
32304488
33190802
32164080
33334457
32603692
32418885
33151482
32796045
32926918
32418190
32634024
31924756
33146552
33017386
32108352
32853546
33306333
33001051
32861965
32306751
32809050
33356661
32567262
32649262
32368792
33130588
32531236
32573538
33062500
33215942
32323565
32524645
32660611
32721580
32671688
33373324
32692580
33219182
32881315
32094225
32781984
33123144
33239864
33092736
32366611
32698440
33185784
32283108
33292374
33331727
33362383
32925547
32723142
32958580
32022370
33121991
32965016
32425152
32425199
32597995
32479865
33211441
32707160
33261845
32660307
32993173
33100292
33198751
32865809
33014380
32533671
33141018
32915971
32621523
32966582
32436867
32746653
32845145
32876623
32921965
32532085
32991900
33166584
33026746
33173434
32400323
32152082
32723092
32553861
32657527
32399903
33273742
33078372
32367579
32891697
33191908
33058394
33209137
32407284
33203141
33290476
32429580
32515383
32733837
32820005
32360580
32989996
32604775
32843534
32887884
32532939
33031797
32692266
33009760
33403981
32495979
32943188
32521159
32726561
33330784
32438948
32138488
32679055
32277065
32725382
33041111
33274643
31996494
32592817
33141805
32936528
32794463
32498762
33305554
33376954
33237646
32838716
32729620
33150470
33153418
32658285
32645175
32667699
32908072
33119139
32978702
33004837
33236001
33274431
33089317
32562915
32621718
33091434
33059413
32501511
32527327
32761481
32568027
32726140
32972027
33264025
32979316
32967965
32771797
32909843
32750019
32900341
33275275
33155953
33060041
33342420
32967116
32574109
32809210
32564624
33132205
32763313
33151166
32652563
32622450
33065096
32962613
32786401
32639466
32643551
33098401
32810285
33028676
33052305
32438034
33085486
33217430
32438240
33122172
32669519
33305304
32638628
33080984
33078827
33218024
33165238
32758569
32702590
33011363
33370368
33167717
33151895
33391531
32879113
33397449
32859680
33308510
32882638
33280995
33073177
33391285
33100032
33190011
33443836
33046644
33024223
33347311
32757352
33185613
32902940
33372806
33097472
33430891
33019894
32878932
32735546
33012543
33062480
33074111
32554811
32639711
33190493
33407777
33102585
33104327
33421347
33382685
32745502
33353566
33210927
32722574
32998618
32511290
33436624
33287144
32758342
32459144
32568620
32227197
32836709
32617855
33176880
33291455
33428032
32807489
32686993
33275483
33052342
33418595
33109027
33122171
32604797
32511285
32023685
32222812
33267759
32325124
32837097
32754388
33341481
32869028
32702162
32997322
32788913
32256547
32426243
32948103
33238869
32838282
33431557
32923230
32656006
32542131
32758266
33389708
33029451
32284951
33468703
32841640
33389560
32741697
33161757
33409034
32670785
32397906
33390423
33041830
33393116
33128490
32754463
33073355
33355053
32607304
33388022
33281478
33109039
32850922
32396771
33444702
33154404
33319627
33194501
33194697
33209439
33388249
32784922
32511392
33100531
32985113
32876229
32837984
33356621
32668216
33296558
32577696
33183102
33448738
33283177
32514228
32730095
33195610
33251593
33469197
32395179
32269893
32651941
33313272
32536988
33389441
32483554
32784499
32838064
32848802
32363219
32962867
33457171
33283567
33388129
32849934
32258351
33260103
33245577
33055059
32587649
33333292
32423024
32656310
32670990
32377559
32754599
32395418
32942296
32735768
32904710
33290969
32740858
32363221
33290767
32607511
33376043
33043740
32838367
33015546
33173852
33364959
32511388
33023033
33442304
33112638
33049737
33134200
33015938
33316266
32634080
33281124
33469600
32970329
32292909
32685234
32693652
32671601
33088575
33324769
33186749
32964827
33128197
32982720
33200085
33404204
32572376
32637946
32280433
33008960
32986807
33103616
32630746
32587651
33359065
32835306
32828120
32563530
33200697
32733842
33371833
32462988
33175403
33103068
33083063
32511319
33173808
32793908
33211457
33151781
32238094
32637956
33302163
33215042
33105618
33398609
32364041
33138652
33372818
33176643
32655654
33372574
33204761
32888379
32693415
32290348
33256227
33140048
32752944
32329419
32923472
32869033
32934969
33240723
33185159
33365358
32423027
32338164
33188394
33327924
33403227
32904625
32662203
32517353
33412235
32691699
33409413
32729392
33245731
33200304
33450186
33101837
32905553
33334287
33031623
33183178
33107812
33193695
33102688
33195080
32727069
32883116
32834942
33229429
32849448
33084512
33199023
32694915
32409433
32706859
33390763
32848446
33040483
32757500
33100274
33336316
32691697
33254234
33463727
32922210
33400975
32954247
33223566
33117850
33291238
33117441
33239231
33199136
33119136
33415116
33235142
32683060
32577649
33052331
33102687
32913653
33244856
33173719
32550223
32848795
32848776
33384519
33422642
33132570
32574327
32292689
33452110
33345645
33062588
32869031
32987828
32628744
32881656
32856034
33024962
33128482
33446077
33314005
33470663
33447372
32983308
33442683
32499832
33106802
33200680
33029696
33458647
33085408
33122473
33380245
33330842
32566483
33140049
33280586
33031500
33340409
32318706
33430746
32612432
33447532
33246166
33163977
32837982
33402839
33228481
33245382
32492200
33425648
32968487
32837398