32295814
32492293
32706953
32496241
32373993
33031652
32392282
32391667
32495226
32379955
32673060
32623082
32641681
32205204
32281213
32459529
32335560
32281481
32387409
32281583
32387694
32885373
32196083
32247211
32232419
32227189
32417708
32338155
32289548
32344449
32496926
32849658
32610879
32408070
32359203
32336586
32430286
32297988
32362345
32356252
32285930
32493478
33308661
32334062
32336317
32394467
32860962
32593867
32474476
32282022
32335561
32323646
32492354
32561148
32531620
32634603
32407884
32700555
32574312
32338347
32450198
32349115
32302411
32243270
33227708
32534189
33295289
32817375
32348588
32881593
32942793
33082891
32393448
32419524
32324331
32438018
32569708
32519281
32231348
32586363
32389025
32341791
32780229
32397911
32307245
32317220
32376397
32683212
32616063
32324284
32520683
32214286
32905939
32687630
33115586
32599589
32674929
32620062
33152333
32854751
32513231
32294495
32771032
32616067
32777263
32321540
32534369
32433342
33122096
32749808
32926573
32329879
32458969
32736597
32237160
33044019
32457198
33154234
33360293
32278811
32889701
32316270
32203437
32493740
32442699
32867852
32413767
32384516
32293834
32611911
32386448
32329881
32694358
32778950
32682788
32314698
32665039
32727613
32451259
32717568
32567262
33336780
33007453
32474918
32773101
32485061
32281114
32673059
32519117
32277836
32881895
32641163
32568282
32234468
32594562
33007454
32336723
32350686
32296817
33254507
32446285
32493447
32763357
32344310
32555974
32609083
32358952
32554424
32418894
32147496
32364677
32290293
32378805
32827400
32305359
32503662
32277694
32473020
32896292
32510734
32348046
32936252
32409230
32305587
32887670
32412891
32780273
32552642
32647045
32936266
32611916
32942923
32434788
32713288
32646885
33136577
32685969
33166694
32319118
32927376
32610873
33129363
32750131
32779341
32684351
32339662
32631083
32522067
32971536
32496938
33110240
33291194
32592716
32259576
32579957
32890139
32591970
32723461
32171740
32844224
32698191
32603531
32337859
33153403
32721449
32665040
33291197
32314249
32383430
32380315
32425051
32376395
32555446
32441771
32773165
32969369
33278301
33137493
33317461
32297571
32725351
32542964
32600363
32644275
32314699
32631826
33357220
32603692
32629149
32442941
32978364
33075525
33130195
32930657
32415419
33335141
32865382
32434337
32304488
33111169
32544304
32726238
33361755
33190802
32948577
32828896
32950177
32650818
32925737
33152192
32251731
32304334
32470568
32430432
32463348
33164544
32500936
33193951
33081849
33388006
32383125
32500556
33198681
33017386
33075259
33130275
33155935
32903555
32971254
33364201
32463459
32444382
32347743
33350752
32405156
32344177
32573882
33406138
32573538
32804920
33017904
32848158
33258095
32587121
33356661
32655577
32753141
32675717
32861965
32996071
32559589
32493494
32638884
32467555
32880032
32480326
32150618
32510771
32425199
32921678
32425152
32759459
32533671
32471876
32534327
33127507
32402766
32894853
33382449
32392332
33332057
32649301
32597995
33331727
32526093
32813843
32423297
32362504
32622993
32400380
32435879
32729288
32679422
33211441
32634079
33227700
32723448
32965016
32347895
32495148
33037151
32399903
33247640
32449022
33055313
33201863
32701969
33075521
32500942
32560646
33430933
32753638
32746653
32400323
32991900
32449235
33371468
32723447
33397429
33220695
33166584
33058394
32796214
33045775
32521191
33108884
32515383
32814759
32769401
32324363
33082342
33181328
32960100
33035581
32365215
33065421
33097683
32437000
32857112
32936528
32564306
33247638
33084868
32592817
32678882
32400965
32810081
32571302
32680440
33141805
32540367
33297704
32877391
32833094
32390367
33237646
32761481
33362758
32319200
32723446
32619669
32447429
33293554
32841688
32823144
32573895
32460458
32667699
33188930
32396504
33107292
33071096
32662416
32771058
32675129
33120812
32674206
33026203
33275275
32869728
33090972
32389720
32809210
32622008
33075513
32999492
33181454
32958069
32627442
32669519
32962613
32900781
33075512
32319218
32642806
33324406
33051297
32899009
32983179
32674481
32371823
32621881
32644224
32773262
33016156
32705683
32633733
32862840
32629539
32777441
33062720
32779305
33339534
32923151
32879113
33185613
32723450
32763298
33189890
33308510
33152616
32824072
32628242
32956664
32893123
32676695
32500666
32960061
33020836
32475347
33091434
32735546
32827987
33098839
32920291
33176880
33426074
32762368
33164789
33029911
32871902
33074111
32789417
32562561
32559354
33248195
32769902
32565199
33295704
33372741
32469614
33011363
32562746
32449128
32794463
32800347
32519406
32578324
32629280
32409243
32301155
33031797
32740801
32229706
32710198
32950466
32588427
33141018
32896705
32473681
32558211
32844364
32282982
33081817
32303363
33193949
32403946
32754163
32629115
32360583
32400362
32809050
32531808
32714335
32743938
32920000
32320825
32315122
32687949
32853673
33187030
33378062
33120805
33150470
32762043
32897518
32305500
32562764
32222466
32439366
32497913
33068796
32330312
32512873
32498085
33264337
32652521
32912646
33183501
32493468
32565195
32978919
32768971
32573990
32522282
33331625
32763818
32661214
32544867
32495913
32349183
32495921
32434058
32790733
32610165
32498762
32924964
32533263
32259313
32961675
32354651
32351040
32983172
33017762
32658285
33008777
32603486
32299753
32264666
33155953
32305588
32958495
33378357
32777550
32396446
32914465
33064694
32249257
32415992
32997792
33004712
32641296
33357637
32817707
32853672
32725890
32828135
32801640
32522754
32317402
32731059
32887691
32880149
32738306
32681385
32359771
32817689
32401405
32733837
32826796
33095083
32756065
32830267
32814539
33147132
32473812
32896750
32512349
32293710
32852405
33165621
32400349
32627319
33154498
32881845
32345563
32299202
32372695
32709838
32738843
33305554
32739134
32523150
32425246
32732245
33045596
32350928
32255489
33119139
32887660
32755653
32342252
32339832
32731139
32319424
32933365
32411943
33003964
32468425
33064677
32458599
33407777
32965525
32496265
32561401
32496357
32461326
32653015
32815513
33041111
32712675
32456286
32645478
33292107
32330817
32892311
32687485
32357553
32479900
32253888
33050924
32408119
33155542
33082937
32428144
33031488
32406927
33008280
32505076
32908072
32940925
32750190
32954790
32247213
32877380
32571831
32696108
33418595
32898845
32253799
32412509
32639466
32773105
32330343
32532948
33201172
32529737
32282502
32409486
32972027
32327397
32663575
33393644
32909713
32804086
32859477
32779755
33283842
32418190
32354800
32367579
32526507
32330521
33338063
33301018
32955801
32437675
32916297
32379854
32409561
32387247
32303672
32500721
32360480
32711596
33159954
33019894
32358890
32426957
32664879
32574789
32352535
32853675
32464585
32847947
32317557
32981089
33020340
32572609
33059530
32664810
33023821
32500773
32805781
32514696
32654907
32931985
32603983
33007039
32353634
32454157
32876256
32758569
32438446
32277367
32972804
32457038
32876623
33020069
32677113
32284362
32578794
33138045
33196343
32890029
32699031
32784192
32997237
32812051
32732190
32661006
32485205
32726561
32409150
32657186
32423324
32554953
32376394
33001051
32968954
32447603
32593339
32941437
33239868
32804802
32480420
33175236
32366611
32418288
32389518