32346491
33130203
32475019
32277367
32336586
32394467
32425246
32395418
32320516
32329520
32282022
32561148
32360480
32243270
32514228
32307245
32405421
32768505
32397911
32958718
33176367
32419524
32895599
33031623
32737100
32972430
32967849
32682787
32889701
32256547
32293834
33041712
32845568
32447232
32682788
32493740
32711596
32778950
32714083
33094148
32538209
32717568
33068263
33336780
32436445
32246834
32372695
32336723
32409433
32363880
32864162
32584236
33191372
32290293
32827400
32763956
33132570
32147628
32612804
32773212
32423024
32848446
33115675
33128197
32887670
32546018
33378989
32904710
32965359
32612432
32684351
33212256
32629804
32401463
32777318
32585765
32801640
33129363
33364790
32554953
32572376
32284326
32555446
33181328
32969369
32770240
33372567
32986137
33288636
32399094
32297571
32526208
32965013
32754388
33002954
32631826
33041830
33128482
32572842
32685234
32628137
32643436
32893160
33190802
32718127
32251767
32865382
32926918
32108352
32853546
32473756
33306333
33001051
32536670
33327924
32997322
32881656
32649262
32531236
33109246
33062500
33215942
32783586
33283178
32849448
32752944
32838169
33251975
33402301
32879154
32595349
32817689
33120121
33037151
32405423
33290969
32656310
33257051
32965016
32731139
33100292
32754599
33336316
33014380
32883116
32970259
32844364
32660307
32924229
32908046
32993173
32746653
33352097
32845145
33199136
33268271
33029696
33290476
33341481
33070913
32611659
32844821
32735768
33333412
33058394
32338164
33213530
32511380
32943628
33050924
33283773
32868801
33119136
33312897
32532939
33031797
32692266
32820005
33364959
32503657
33183102
32742970
32725382
32888379
33156564
32592817
33403142
32963155
32498762
33330784
33301232
33230415
33305554
33108587
32564306
33319627
33316266
33050947
33209439
33042544
33451758
32448818
32868989
32856202
32771797
33181454
32610172
32841640
32849934
32750019
33235798
32580215
33155953
33334287
32838264
33342420
33067063
33330842
32573355
32992014
32564624
33160938
33410987
32900659
32392072
32556649
33390469
32486229
32908736
32940880
33355053
33389560
33162750
33370933
32850016
33163186
32962867
33308510
33176643
33302163
33457366
32786685
32869558
33397236
32942296
33092045
33347311
32834770
32727996
33237663
33091434
32452542
33074111
32735546
33387467
33281124
32829044
32836314
33275961
33232871
32536988
33463727
33176880
33287144
32727069
32998618
32787752
33442711
33428032
33117539
33451350
33418595
33122171
33451007
33309661
33080900
33435273
33437137
33427588